{
    "version": "2.0.0",
    "commands": {
        "FRONT": "_x_00200_y_00000_.jpg",
        "POST": "_x_00200_y_01600_.jpg",
        "LEFT": "_x_00200_y_00800_.jpg",
        "RIGHT": "_x_00200_y_02400_.jpg",
        "INFERIOR": "_x_00000_y_00000_.jpg",
        "SUPERIOR": "_x_00400_y_00000_.jpg"
    },
    "thumbnails": "thumbnails",
    "intrinsics": {
        "width": 5472,
        "height": 3648,
        "cameraMatrix": {
            "shape": [
                3,
                3
            ],
            "matrix": [
                18021.34041627829,
                0.0,
                2957.7855701524804,
                0.0,
                18021.34041627829,
                2630.0397554128867,
                0.0,
                0.0,
                1.0
            ]
        },
        "distortionMatrix": {
            "shape": [
                5,
                1
            ],
            "matrix": [
                0.3292288903636168,
                10.931611371709273,
                0.007970744770826906,
                0.004788130815297918,
                -67.86799246738451
            ]
        }
    },
    "extrinsics": {
        "_x_00000_y_00000_.jpg": {
            "matrix": [
                -0.0512673635686609,
                0.9985417670023952,
                -0.0169114453685436,
                -0.0008269324439504238,
                -0.6794316862944655,
                -0.047284413404958,
                -0.7322136081144686,
                -0.0011831386930737091,
                -0.7319455178439018,
                -0.026048489412699095,
                0.6808650638030554,
                0.20031403457380595,
                0.0,
                0.0,
                0.0,
                1.0
            ]
        },
        "_x_00000_y_00160_.jpg": {
            "matrix": [
                -0.3552528487057657,
                0.934602648495873,
                -0.0177003647120205,
                -0.0007724848468393908,
                -0.6307077130851899,
                -0.25362887141512025,
                -0.7334031471431945,
                -0.0011987318613679555,
                -0.6899298472607839,
                -0.24937980072410126,
                0.6795634781604432,
                0.20039940114753202,
                0.0,
                0.0,
                0.0,
                1.0
            ]
        },
        "_x_00000_y_00320_.jpg": {
            "matrix": [
                -0.6250603875027851,
                0.780302077991844,
                -0.0206924879238452,
                -0.0008466878586935311,
                -0.5204596210001384,
                -0.43637733497906195,
                -0.7339595386838188,
                -0.0011791948564270184,
                -0.5817398859312128,
                -0.44799942923867886,
                0.6788779098767007,
                0.20048697826207199,
                0.0,
                0.0,
                0.0,
                1.0
            ]
        },
        "_x_00000_y_00480_.jpg": {
            "matrix": [
                -0.8221479054808284,
                0.5687009032203132,
                -0.0255363307835458,
                -0.0013625254795222748,
                -0.37288985405045133,
                -0.5718817939682965,
                -0.7306876011496543,
                -0.0007740131332275622,
                -0.43014646140555446,
                -0.5912110421871386,
                0.6822342158938361,
                0.2009428733560447,
                0.0,
                0.0,
                0.0,
                1.0
            ]
        },
        "_x_00000_y_00640_.jpg": {
            "matrix": [
                -0.9574130451146532,
                0.2876027042271377,
                -0.0253957784980958,
                -0.0011132349608003057,
                -0.17888670375442234,
                -0.6599384689790143,
                -0.7297127958186788,
                -0.000744367742562355,
                -0.22662702456716038,
                -0.6940935827990863,
                0.6832819989235512,
                0.20185563742960214,
                0.0,
                0.0,
                0.0,
                1.0
            ]
        },
        "_x_00000_y_00800_.jpg": {
            "matrix": [
                -0.9994499088945222,
                -0.021846009785044,
                -0.0249525843792318,
                -0.0008588970657638413,
                0.0331440403771568,
                -0.684331811358985,
                -0.7284170814510104,
                -0.0007664474934785837,
                -0.001162840577355204,
                -0.728843415157606,
                0.6846794315467564,
                0.20274042827060323,
                0.0,
                0.0,
                0.0,
                1.0
            ]
        },
        "_x_00000_y_00960_.jpg": {
            "matrix": [
                -0.943677184468544,
                -0.3301329528014237,
                -0.0220364468128225,
                -0.0006394016554192867,
                0.24173045569223722,
                -0.642439143695588,
                -0.727212715399355,
                -0.0008365801812975463,
                0.22591980502900758,
                -0.691580928107689,
                0.6860583514347472,
                0.20275876081192248,
                0.0,
                0.0,
                0.0,
                1.0
            ]
        },
        "_x_00000_y_01120_.jpg": {
            "matrix": [
                -0.794667592952403,
                -0.6067630439442033,
                -0.0184939237264184,
                -0.0004505077926252194,
                0.42758897663795337,
                -0.5378613144546953,
                -0.7265486036534483,
                -0.000923330866324364,
                0.43089567620126074,
                -0.585272427948415,
                0.6868661451217594,
                0.20326124346376415,
                0.0,
                0.0,
                0.0,
                1.0
            ]
        },
        "_x_00000_y_01280_.jpg": {
            "matrix": [
                -0.5593872300493357,
                -0.8286939384193153,
                -0.0187692110866571,
                -0.0006107273884540448,
                0.5757011461371003,
                -0.37212105720776106,
                -0.7280756204674123,
                -0.0010255426947945805,
                0.5963674347197039,
                -0.41808166093439514,
                0.6852398175793475,
                0.20307202738761881,
                0.0,
                0.0,
                0.0,
                1.0
            ]
        },
        "_x_00000_y_01440_.jpg": {
            "matrix": [
                -0.2765228180432858,
                -0.9608447386074176,
                -0.0176782180053118,
                -0.0005594760384528666,
                0.6615545055091808,
                -0.17698235632208292,
                -0.72871316839425,
                -0.001088436943727562,
                0.6970514811274005,
                -0.21320092364041698,
                0.6845908258346517,
                0.20293086457250367,
                0.0,
                0.0,
                0.0,
                1.0
            ]
        },
        "_x_00000_y_01600_.jpg": {
            "matrix": [
                0.0116649263460604,
                -0.9997275243515604,
                -0.0202189650388314,
                -0.0006703229626543793,
                0.6847791432555407,
                0.0227215098743596,
                -0.7283963604736347,
                -0.0010875348001953304,
                0.7286572956167722,
                -0.0053488356611411025,
                0.6848576023536005,
                0.20299523938347042,
                0.0,
                0.0,
                0.0,
                1.0
            ]
        },
        "_x_00000_y_01760_.jpg": {
            "matrix": [
                0.3105400654282235,
                -0.950269371368992,
                -0.0235157309436842,
                -0.0012892360887697702,
                0.646740480892748,
                0.22935013479753744,
                -0.7274099710912464,
                -0.0010354618040552463,
                0.6966287520182123,
                0.21068136487675526,
                0.6858000760828303,
                0.2023882806058369,
                0.0,
                0.0,
                0.0,
                1.0
            ]
        },
        "_x_00000_y_01920_.jpg": {
            "matrix": [
                0.5836921033327837,
                -0.8115867652905817,
                -0.0251087815738144,
                -0.0013726534452049863,
                0.5473768311237154,
                0.4161364193920872,
                -0.7260916506919031,
                -0.0009046323027064695,
                0.5997350525489653,
                0.4100699975134777,
                0.687139333675046,
                0.2022586867858718,
                0.0,
                0.0,
                0.0,
                1.0
            ]
        },
        "_x_00000_y_02080_.jpg": {
            "matrix": [
                0.8064573163494456,
                -0.590853353076241,
                -0.0227796414592785,
                -0.001194064934090653,
                0.39388180650130433,
                0.5655456153372902,
                -0.7245793810756933,
                -0.000851629572069577,
                0.44100308322473136,
                0.5753698568150136,
                0.6888147853051295,
                0.20258955455117314,
                0.0,
                0.0,
                0.0,
                1.0
            ]
        },
        "_x_00000_y_02240_.jpg": {
            "matrix": [
                0.9503058821626102,
                -0.3107446846067455,
                -0.0188804479765995,
                -0.0009994772296365673,
                0.20109092212036414,
                0.6590030177474011,
                -0.7247602801206758,
                -0.000807193719224711,
                0.23765767685459807,
                0.6849472706628393,
                0.6887423792998387,
                0.20210977719222636,
                0.0,
                0.0,
                0.0,
                1.0
            ]
        },
        "_x_00000_y_02400_.jpg": {
            "matrix": [
                0.9998751878764044,
                -0.0011690974763298,
                -0.0157556935809068,
                -0.0007692141270125329,
                -0.010626711089986899,
                0.6881939873668512,
                -0.725448901552359,
                -0.0008031734735360834,
                0.011691094069185302,
                0.7255257879381031,
                0.6880956687527255,
                0.2017737133827757,
                0.0,
                0.0,
                0.0,
                1.0
            ]
        },
        "_x_00000_y_02560_.jpg": {
            "matrix": [
                0.951464511214774,
                0.3074595114329493,
                -0.0135621800696979,
                -0.0005852424854423407,
                -0.22055214936143563,
                0.6504608374929955,
                -0.7268132141753909,
                -0.0008392300683375096,
                -0.21464396872701066,
                0.6945281475342256,
                0.6867012588977794,
                0.2017608238881537,
                0.0,
                0.0,
                0.0,
                1.0
            ]
        },
        "_x_00000_y_02720_.jpg": {
            "matrix": [
                0.8114803706790344,
                0.5842381208049734,
                -0.012861811726588,
                -0.00047354169265841225,
                -0.40833691205298983,
                0.5511421206501942,
                -0.7276697940001606,
                -0.0009458079656124407,
                -0.41804374682280043,
                0.5957417066510288,
                0.6858070025151932,
                0.20139803046147464,
                0.0,
                0.0,
                0.0,
                1.0
            ]
        },
        "_x_00000_y_02880_.jpg": {
            "matrix": [
                0.605242613442704,
                0.7958722586103854,
                -0.0163928901493721,
                -0.0010869137460748802,
                -0.5521126378374134,
                0.40485602341499755,
                -0.7288780662393458,
                -0.0009026115975602126,
                -0.5734570725113242,
                0.45019878751391496,
                0.6844472497627136,
                0.2015894818032032,
                0.0,
                0.0,
                0.0,
                1.0
            ]
        },
        "_x_00000_y_03040_.jpg": {
            "matrix": [
                0.3310968297933541,
                0.9434699078741344,
                -0.0154732749204304,
                -0.0009506036005911258,
                -0.6487356816655058,
                0.21569509323646724,
                -0.729806578545099,
                -0.0008852527044759333,
                -0.6852130359492455,
                0.2516747100717198,
                0.6834785553881949,
                0.20142031616363906,
                0.0,
                0.0,
                0.0,
                1.0
            ]
        },
        "_x_00050_y_00000_.jpg": {
            "matrix": [
                0.0250446659163499,
                0.9996006424172582,
                -0.0130889414447107,
                -0.0010826061920537115,
                -0.5307289421049427,
                0.0021994221792966035,
                -0.8475387616824649,
                -0.0011391276666021266,
                -0.8471715025432023,
                0.0281730051837191,
                0.5305720752712219,
                0.2017311175821327,
                0.0,
                0.0,
                0.0,
                1.0
            ]
        },
        "_x_00050_y_00160_.jpg": {
            "matrix": [
                -0.2875036532892051,
                0.9576925857065236,
                -0.012905836978417,
                -0.0009639774705507107,
                -0.5042086241618354,
                -0.16279466765554512,
                -0.8480987911226793,
                -0.0011115803652099185,
                -0.8143189256465732,
                -0.23732426649138408,
                0.5296809226960483,
                0.2016485471786401,
                0.0,
                0.0,
                0.0,
                1.0
            ]
        },
        "_x_00050_y_00320_.jpg": {
            "matrix": [
                -0.5698849429122415,
                0.8216069594408959,
                -0.0138980588643598,
                -0.0008515451516268311,
                -0.4280162524769381,
                -0.31123443889479824,
                -0.8484899596703772,
                -0.0010981592437916668,
                -0.7014508104332826,
                -0.4775930571565358,
                0.5290289522307497,
                0.20118747448624227,
                0.0,
                0.0,
                0.0,
                1.0
            ]
        },
        "_x_00050_y_00480_.jpg": {
            "matrix": [
                -0.8110661966073833,
                0.5846249785408214,
                -0.019628020454886,
                -0.0013739091414973806,
                -0.29651489598749564,
                -0.4398243879181873,
                -0.8477224924761148,
                -0.0009598860665728392,
                -0.504232626055036,
                -0.6817390573075127,
                0.5300767081876981,
                0.20185137785432364,
                0.0,
                0.0,
                0.0,
                1.0
            ]
        },
        "_x_00050_y_00640_.jpg": {
            "matrix": [
                -0.9520595295753022,
                0.3053295300652465,
                -0.0188820077054884,
                -0.0010681877201250253,
                -0.14695656679514302,
                -0.5106200493768436,
                -0.8471546096493688,
                -0.0009290864196046697,
                -0.2683028505637595,
                -0.8037667841137288,
                0.5310108634809986,
                0.2021829624695991,
                0.0,
                0.0,
                0.0,
                1.0
            ]
        },
        "_x_00050_y_00800_.jpg": {
            "matrix": [
                -0.9998212595893264,
                -0.0033186297280485,
                -0.0186127797478111,
                -0.0007980725802879251,
                0.0175276834237805,
                -0.5317432214473459,
                -0.8467242330054071,
                -0.0009695223999672859,
                -0.007087255252079902,
                -0.8468991280793287,
                0.5317063453368454,
                0.20302950336880388,
                0.0,
                0.0,
                0.0,
                1.0
            ]
        },
        "_x_00050_y_00960_.jpg": {
            "matrix": [
                -0.949978074610452,
                -0.3118351040318112,
                -0.0173356757263002,
                -0.0005444838811937259,
                0.18002406257654194,
                -0.5013799719796329,
                -0.8462915931232804,
                -0.0010313149666497773,
                0.2552116663729453,
                -0.8070792969660243,
                0.5324378027112393,
                0.2031455619043407,
                0.0,
                0.0,
                0.0,
                1.0
            ]
        },
        "_x_00050_y_01120_.jpg": {
            "matrix": [
                -0.8065603797550172,
                -0.59094549095981,
                -0.0156134725065121,
                -0.0003300404914952613,
                0.32594913522342167,
                -0.4225316954891574,
                -0.8457092452812384,
                -0.0011232773261549969,
                0.49317087815132193,
                -0.687204767897697,
                0.5334154965147965,
                0.2030464344935429,
                0.0,
                0.0,
                0.0,
                1.0
            ]
        },
        "_x_00050_y_01280_.jpg": {
            "matrix": [
                -0.5728226636962258,
                -0.8195414517774089,
                -0.0150334551762947,
                -0.0004758008206697394,
                0.4447217861891871,
                -0.29532948076045584,
                -0.8455785183425952,
                -0.0012563902324614188,
                0.6885468240030296,
                -0.49105224427991023,
                0.5336393581277572,
                0.20362146063472283,
                0.0,
                0.0,
                0.0,
                1.0
            ]
        },
        "_x_00050_y_01440_.jpg": {
            "matrix": [
                -0.2946563211969996,
                -0.955456908309366,
                -0.0167256910935888,
                -0.0006843004352119485,
                0.5147863720088867,
                -0.14396193523413012,
                -0.8451449298182958,
                -0.0012748627388642479,
                0.8050916988595638,
                -0.2576374537359655,
                0.5342754896678958,
                0.20342311211719855,
                0.0,
                0.0,
                0.0,
                1.0
            ]
        },
        "_x_00050_y_01600_.jpg": {
            "matrix": [
                0.0115029358364598,
                -0.999811166215173,
                -0.0156625150789494,
                -0.0006160802367025967,
                0.5342934065065139,
                0.0193856311424282,
                -0.8450767734761586,
                -0.0013353041066571133,
                0.8452208221706373,
                0.0013524853661870976,
                0.534415505531535,
                0.20415081535533777,
                0.0,
                0.0,
                0.0,
                1.0
            ]
        },
        "_x_00050_y_01760_.jpg": {
            "matrix": [
                0.3109087681653964,
                -0.9502710662278838,
                -0.0179063834427033,
                -0.001552900246725419,
                0.5043572351804337,
                0.18092516411177173,
                -0.8443280549124712,
                -0.0012714813298899488,
                0.8055802363508086,
                0.2534777814350787,
                0.5355273075387716,
                0.20338155310594203,
                0.0,
                0.0,
                0.0,
                1.0
            ]
        },
        "_x_00050_y_01920_.jpg": {
            "matrix": [
                0.5829352382648243,
                -0.8122654466692869,
                -0.020281817874065,
                -0.001431658427076974,
                0.426816278131155,
                0.32736094690610185,
                -0.8430081109710682,
                -0.0012012259736079078,
                0.6913858349079776,
                0.48276252400935665,
                0.5375183463852323,
                0.2038052764592449,
                0.0,
                0.0,
                0.0,
                1.0
            ]
        },
        "_x_00050_y_02080_.jpg": {
            "matrix": [
                0.8056669784045503,
                -0.5921030704328306,
                -0.0177390499321872,
                -0.0012519131325685244,
                0.30689690498453354,
                0.44282982974737745,
                -0.8424464562195171,
                -0.0011622074336052563,
                0.5066705138641838,
                0.6732872313284455,
                0.5384879706276462,
                0.20390772832648635,
                0.0,
                0.0,
                0.0,
                1.0
            ]
        },
        "_x_00050_y_02240_.jpg": {
            "matrix": [
                0.9499124117605802,
                -0.3122295733561875,
                -0.0133829557651149,
                -0.001043821970994631,
                0.15716525805777343,
                0.5142892228179613,
                -0.8430929230831742,
                -0.0011043100158043735,
                0.2701212535933284,
                0.7987610962078154,
                0.5376013574592777,
                0.20292314878397102,
                0.0,
                0.0,
                0.0,
                1.0
            ]
        },
        "_x_00050_y_02400_.jpg": {
            "matrix": [
                0.9999254069306148,
                -0.0044450035152911,
                -0.0113764018210114,
                -0.0008218916420838618,
                -0.007213538363244399,
                0.5367100850394002,
                -0.8437358884634942,
                -0.001058862248496862,
                0.009856238578995202,
                0.8437550157247947,
                0.5366379859834052,
                0.2022568168052747,
                0.0,
                0.0,
                0.0,
                1.0
            ]
        },
        "_x_00050_y_02560_.jpg": {
            "matrix": [
                0.9526868358546308,
                0.303797098127751,
                -0.0097527410736278,
                -0.0006460452098483401,
                -0.17078723366215662,
                0.5084833967786143,
                -0.8439646651480798,
                -0.0011024843899777148,
                -0.251434909285325,
                0.8056996700816254,
                0.5363101043454623,
                0.20164773294876562,
                0.0,
                0.0,
                0.0,
                1.0
            ]
        },
        "_x_00050_y_02720_.jpg": {
            "matrix": [
                0.8126231964303948,
                0.5827513331394667,
                -0.0066651592195785,
                -0.0004648714069570143,
                -0.31679233533113516,
                0.4320968948313384,
                -0.844354717966662,
                -0.0011815704816855643,
                -0.48916884293533414,
                0.6882537011896778,
                0.535743115588074,
                0.20224200850968108,
                0.0,
                0.0,
                0.0,
                1.0
            ]
        },
        "_x_00050_y_02880_.jpg": {
            "matrix": [
                0.607133340420171,
                0.7945247227205692,
                -0.0109348953377533,
                -0.0011244496046969683,
                -0.42865899687488485,
                0.31590896838065374,
                -0.8464354600882978,
                -0.0011455338627044094,
                -0.6690594677220119,
                0.5185865295999063,
                0.5323790378753317,
                0.2018264769621027,
                0.0,
                0.0,
                0.0,
                1.0
            ]
        },
        "_x_00050_y_03040_.jpg": {
            "matrix": [
                0.3324900322937386,
                0.9430584246898204,
                -0.0095491385403775,
                -0.0009897091090149514,
                -0.5039664335732659,
                0.16910471418291123,
                -0.847007337319199,
                -0.0011379065965774794,
                -0.7971626008893993,
                0.2864339422321854,
                0.53149542282185,
                0.20145142235171168,
                0.0,
                0.0,
                0.0,
                1.0
            ]
        },
        "_x_00100_y_00000_.jpg": {
            "matrix": [
                0.0235406887787213,
                0.9997046919484888,
                -0.0060303290126363,
                -0.0010945767882418024,
                -0.356260747091169,
                0.002752802249394903,
                -0.9343825245378996,
                -0.0015064294147530963,
                -0.9340899935519412,
                0.02414437772967,
                0.3562203432851375,
                0.20195211842915348,
                0.0,
                0.0,
                0.0,
                1.0
            ]
        },
        "_x_00100_y_00160_.jpg": {
            "matrix": [
                -0.2878237935331412,
                0.9576532695429978,
                -0.0075946829952598,
                -0.001018449882065366,
                -0.337248725520446,
                -0.10877639748207032,
                -0.9351101499212048,
                -0.00146433811117507,
                -0.8963374147111268,
                -0.2665856535607822,
                0.3542757800140223,
                0.2012827115800548,
                0.0,
                0.0,
                0.0,
                1.0
            ]
        },
        "_x_00100_y_00320_.jpg": {
            "matrix": [
                -0.5700389658733792,
                0.8215749547920949,
                -0.0083768158852815,
                -0.0008613399668483096,
                -0.286136206452079,
                -0.20806846024424325,
                -0.9353253910852648,
                -0.0014610650947611862,
                -0.7701828670797747,
                -0.5307750083697963,
                0.3536894707887427,
                0.20138993201963765,
                0.0,
                0.0,
                0.0,
                1.0
            ]
        },
        "_x_00100_y_00480_.jpg": {
            "matrix": [
                -0.8117060682566901,
                0.5839134053243172,
                -0.0133564156054478,
                -0.0013889477940253463,
                -0.19756950974050044,
                -0.2960204055692257,
                -0.9345256595233382,
                -0.0014128116360287738,
                -0.5496358317797017,
                -0.7559213282936197,
                0.3556450447491784,
                0.20228209435691877,
                0.0,
                0.0,
                0.0,
                1.0
            ]
        },
        "_x_00100_y_00640_.jpg": {
            "matrix": [
                -0.9521909947570516,
                0.3052147149795623,
                -0.0132773213985714,
                -0.0011098853913905132,
                -0.09693861837836684,
                -0.3430667531522664,
                -0.9342955138222896,
                -0.0014082504122145507,
                -0.2897157465007204,
                -0.8883406895113533,
                0.3562521657309946,
                0.20259826048088653,
                0.0,
                0.0,
                0.0,
                1.0
            ]
        },
        "_x_00100_y_00800_.jpg": {
            "matrix": [
                -0.999910997730502,
                -0.0049488444666202,
                -0.0123897359147408,
                -0.0008406676141757162,
                0.0133400331993763,
                -0.3569160324532302,
                -0.9340412139151488,
                -0.0014097124341554063,
                0.00020032930724689837,
                -0.9341233616157396,
                0.3569502838658053,
                0.20261806432034682,
                0.0,
                0.0,
                0.0,
                1.0
            ]
        },
        "_x_00100_y_00960_.jpg": {
            "matrix": [
                -0.9496087681983318,
                -0.313228652415661,
                -0.0114454648973069,
                -0.0005198154098650117,
                0.12208338527374864,
                -0.335991976078212,
                -0.9339191822910372,
                -0.0014354240815528507,
                0.2886846625661781,
                -0.8882551453928804,
                0.3573009407797928,
                0.2024737752292814,
                0.0,
                0.0,
                0.0,
                1.0
            ]
        },
        "_x_00100_y_01120_.jpg": {
            "matrix": [
                -0.8064313595150296,
                -0.5912301337096824,
                -0.0107420381851756,
                -0.000303472805043887,
                0.21879240399691205,
                -0.2814551913288845,
                -0.9342980569536006,
                -0.0014977880682839082,
                0.5493617627247029,
                -0.7557975286197038,
                0.3563309548556728,
                0.2019969269783617,
                0.0,
                0.0,
                0.0,
                1.0
            ]
        },
        "_x_00100_y_01280_.jpg": {
            "matrix": [
                -0.5775568500723632,
                -0.816271163788069,
                -0.0113785808676386,
                -0.0004163570423769067,
                0.2987359275901235,
                -0.19835951067565605,
                -0.9334936261653763,
                -0.001629279486025389,
                0.7597268788856676,
                -0.5425448292008562,
                0.3584134174470261,
                0.2031384598164263,
                0.0,
                0.0,
                0.0,
                1.0
            ]
        },
        "_x_00100_y_01440_.jpg": {
            "matrix": [
                -0.2941450189160087,
                -0.95567670699982,
                -0.0126783100167626,
                -0.0006786782804748227,
                0.3470549195392623,
                -0.09444054430727433,
                -0.9330776315047652,
                -0.001624810565149631,
                0.8905232117527859,
                -0.2788602074318356,
                0.359451518345071,
                0.20333014897241955,
                0.0,
                0.0,
                0.0,
                1.0
            ]
        },
        "_x_00100_y_01600_.jpg": {
            "matrix": [
                0.0122430907326351,
                -0.999861808613665,
                -0.0112459061495041,
                -0.0005848804113341994,
                0.3606672185411477,
                0.014905397366873602,
                -0.9325754589303366,
                -0.0016844206650355987,
                0.9326142097347134,
                0.0073615762677960985,
                0.36079986557058114,
                0.20344319688495205,
                0.0,
                0.0,
                0.0,
                1.0
            ]
        },
        "_x_00100_y_01760_.jpg": {
            "matrix": [
                0.3176532579497865,
                -0.948126442516928,
                -0.0123554325736233,
                -0.0010041653912393836,
                0.3386202625092282,
                0.12560065327810424,
                -0.9325024363047504,
                -0.001712130475321112,
                0.8856820679747717,
                0.2920286371168215,
                0.3609522815714344,
                0.20406967786829552,
                0.0,
                0.0,
                0.0,
                1.0
            ]
        },
        "_x_00100_y_01920_.jpg": {
            "matrix": [
                0.5822970564342775,
                -0.8128433474415847,
                -0.0146911738106685,
                -0.0014281284784279226,
                0.2875691178495293,
                0.22284135435813315,
                -0.931475030930554,
                -0.0016021682976060665,
                0.760417083268925,
                0.538170440759981,
                0.36350850906820403,
                0.20337740080474734,
                0.0,
                0.0,
                0.0,
                1.0
            ]
        },
        "_x_00100_y_02080_.jpg": {
            "matrix": [
                0.8055593944953618,
                -0.5924046425562631,
                -0.0114368447594771,
                -0.00129143935755529,
                0.20737026154976995,
                0.2999611216467034,
                -0.9311395707009944,
                -0.0015522444261209351,
                0.5550420133332666,
                0.7477165672754871,
                0.3644836051960582,
                0.20318789919414668,
                0.0,
                0.0,
                0.0,
                1.0
            ]
        },
        "_x_00100_y_02240_.jpg": {
            "matrix": [
                0.949419424079647,
                -0.3139015301814186,
                -0.008281698499444,
                -0.00109428796689412,
                0.10645778969028304,
                0.3465778263927227,
                -0.9319605942673516,
                -0.0015341802445490336,
                0.2954141096740832,
                0.8839398393571024,
                0.3624649834160661,
                0.20297427422577605,
                0.0,
                0.0,
                0.0,
                1.0
            ]
        },
        "_x_00100_y_02400_.jpg": {
            "matrix": [
                0.9999692851516218,
                -0.0056473975417418,
                -0.0054346715043501,
                -0.0008386565617183317,
                -0.003012735958291699,
                0.3631664719779369,
                -0.931719398238088,
                -0.001533472386915354,
                0.007235480315797,
                0.9317071538483024,
                0.3631383032571692,
                0.20302394128271845,
                0.0,
                0.0,
                0.0,
                1.0
            ]
        },
        "_x_00100_y_02560_.jpg": {
            "matrix": [
                0.952877618646994,
                0.3033403384526492,
                -0.0029804276649849,
                -0.0006737519583691056,
                -0.11256654336381883,
                0.34444572300797544,
                -0.9320332167989696,
                -0.0015677143869280317,
                -0.281696675870972,
                0.8884490885632929,
                0.362360593655407,
                0.20311826807963884,
                0.0,
                0.0,
                0.0,
                1.0
            ]
        },
        "_x_00100_y_02720_.jpg": {
            "matrix": [
                0.8143920724879076,
                0.5803130077577325,
                -0.0015379518928197,
                -0.00062278611329051,
                -0.21080922575829344,
                0.2933714603869058,
                -0.9324659010203236,
                -0.001577112567823141,
                -0.5406709004598262,
                0.7597170521040242,
                0.3612547274961705,
                0.20185317322464608,
                0.0,
                0.0,
                0.0,
                1.0
            ]
        },
        "_x_00100_y_02880_.jpg": {
            "matrix": [
                0.6064515219210047,
                0.7951069419953796,
                -0.004637062696703,
                -0.0012042178998338676,
                -0.2878656193455872,
                0.2141198550502014,
                -0.9334270581422324,
                -0.0015541241158857069,
                -0.741181446582737,
                0.5674131109377343,
                0.3587372642721749,
                0.20193321166658437,
                0.0,
                0.0,
                0.0,
                1.0
            ]
        },
        "_x_00100_y_03040_.jpg": {
            "matrix": [
                0.3329204031180047,
                0.942947020127935,
                -0.0038629547749507,
                -0.0010668595927123888,
                -0.3375311906633583,
                0.11534281838808604,
                -0.934220921182816,
                -0.0015495928666555468,
                -0.8804752696794619,
                0.3123250734061244,
                0.3566740080307759,
                0.20168473547807375,
                0.0,
                0.0,
                0.0,
                1.0
            ]
        },
        "_x_00150_y_00000_.jpg": {
            "matrix": [
                0.0217742796154219,
                0.9997628877261038,
                -0.0002215237949101,
                -0.0010964207886536151,
                -0.1663533211311668,
                0.0034045951734826027,
                -0.9860603334889482,
                -0.001739603695263159,
                -0.9858257722822326,
                0.0215076046380576,
                0.1663880093242071,
                0.20018236379248924,
                0.0,
                0.0,
                0.0,
                1.0
            ]
        },
        "_x_00150_y_00160_.jpg": {
            "matrix": [
                -0.2889719561471112,
                0.9573359920003336,
                -0.0017340649496204,
                -0.0010390106359698765,
                -0.1569492949175707,
                -0.04916183672906793,
                -0.9863822953775592,
                -0.001738228359856316,
                -0.9443845230547722,
                -0.2847646611329467,
                0.16445960107104882,
                0.2006584106666849,
                0.0,
                0.0,
                0.0,
                1.0
            ]
        },
        "_x_00150_y_00320_.jpg": {
            "matrix": [
                -0.5720873951143823,
                0.8201898003332561,
                -0.0021688200788406,
                -0.0009142635423579971,
                -0.1328692258362314,
                -0.09528580184574377,
                -0.9865426421560776,
                -0.0018209325229950088,
                -0.8093588704505075,
                -0.5641004408754766,
                0.1634897899783694,
                0.2025402033772009,
                0.0,
                0.0,
                0.0,
                1.0
            ]
        },
        "_x_00150_y_00480_.jpg": {
            "matrix": [
                -0.8127029136880533,
                0.582626086334065,
                -0.0077985643550428,
                -0.0014083326356043534,
